1 1
2 1
3 1
4 1
5 1
6 1
7 1
8 1
9 1
10 1
11 1
12 1
13 1
14 1
15 1
16 1
17 1
18 1
19 1
20 1
21 1
22 1
23 1
24 1
25 1
26 1
27 1
28 1
29 1
30 1
31 1
32 1
33 1
34 1
35 1
36 1
37 1
38 1
39 1
40 1
41 2
42 2
43 2
44 2
45 2
46 2
47 2
48 2
49 2
50 2
51 2
52 2
53 2
54 2
55 2
56 2
57 2
58 2
59 2
60 2
61 2
62 2
63 2
64 2
65 2
66 2
67 2
68 2
69 2
70 2
71 2
72 2
73 2
74 2
75 2
76 2
77 2
78 2
79 2
80 2
81 2
82 2
83 2
84 2
85 2
86 2
87 2
88 2
89 2
90 2
91 2
92 2
93 2
94 2
95 2
96 2
97 2
98 2
99 2
100 2
101 2
102 2
103 2
104 2
105 2
106 2
107 2
108 2
109 2
110 2
111 2
112 2
113 2
114 2
115 2
116 3
117 3
118 3
119 3
120 3
121 3
122 3
123 3
124 3
125 3
126 3
127 3
128 3
129 3
130 3
131 3
132 3
133 3
134 3
135 3
136 3
137 3
138 3
139 3
140 3
141 3
142 3
143 3
144 3
145 3
146 3
147 3
148 3
149 3
150 3
151 3
152 3
153 3
154 3
155 3
156 3
157 3
158 3
159 3
160 3
161 3
162 3
163 3
164 3
165 3
166 3
167 3
168 3
169 3
170 3
171 3
172 3
173 3
174 3
175 3
176 3
177 3
178 3
179 4
180 4
181 4
182 4
183 4
184 4
185 4
186 4
187 4
188 4
189 4
190 4
191 4
192 4
193 4
194 4
195 4
196 4
197 4
198 4
199 4
200 4
201 4
202 4
203 4
204 4
205 4
206 4
207 4
208 4
209 4
210 4
211 4
212 4
213 4
214 4
215 4
216 4
217 4
218 4
219 4
220 4
221 4
222 5
223 5
224 5
225 5
226 5
227 5
228 5
229 5
230 5
231 5
232 5
233 5
234 5
235 5
236 5
237 5
238 5
239 5
240 5
241 5
242 5
243 5
244 5
245 5
246 5
247 5
248 5
249 5
250 5
251 5
252 5
253 5
254 5
255 5
256 5
257 5
258 5
259 5
260 5
261 5
262 5
263 5
264 5
265 5
266 5
267 5
268 5
269 5
270 5
271 5
272 5
273 5
274 5
275 5
276 5
277 5
278 5
279 5
280 5
281 5
282 5
283 5
284 5
285 5
286 1
287 1
288 1
289 1
290 1
291 1
292 2
293 2
294 2
295 2
296 2
297 2
298 2
299 2
300 2
301 2
302 2
303 2
304 2
305 2
306 2
307 2
308 2
309 2
310 3
311 3
312 3
313 3
314 3
315 3
316 3
317 3
318 3
319 3
320 3
321 3
322 3
323 3
324 3
325 3
326 3
327 3
328 3
329 3
330 3
331 3
332 3
333 3
334 3
335 3
336 3
337 3
338 3
339 3
340 3
341 3
342 3
343 3
344 3
345 3
346 4
347 4
348 4
349 4
350 4
351 4
352 4
353 4
354 4
355 4
356 4
357 4
358 4
359 4
360 4
361 4
362 4
363 4
364 4
365 4
366 4
367 4
368 4
369 4
370 4
371 4
372 4
373 4
374 4
375 4
376 4
377 4
378 4
379 4
380 4
381 4
382 4
383 4
384 4
385 4
386 4
387 4
388 4
389 4
390 4
391 4
392 4
393 4
394 4
395 4
396 4
397 4
398 4
399 4
400 4
401 4
402 4
403 4
404 4
405 4
406 4
407 4
408 4
409 4
410 4
411 4
412 4
413 4
414 4
415 4
416 4
417 4
418 4
419 4
420 4
421 4
422 4
423 4
424 4
425 4
426 4
427 4
428 4
429 4
430 4
431 4
432 4
433 4
434 4
435 4
436 4
437 4
438 4
439 4
440 4
441 4
442 4
443 4
444 4
445 5
446 5
447 5
448 5
449 5
450 5
451 5
452 5
453 5
454 5
455 5
456 5
457 5
458 5
459 5
460 5
461 5
462 5
463 5
464 5
465 5
466 5
467 5
468 5
469 5
470 5
471 5
472 5
473 5
474 5
475 5
476 5
477 5
478 5
479 5
480 5
481 5
482 5
483 5
484 5
485 5
486 5
487 5
488 5
489 5
490 5
491 5
492 5
493 5
494 5
495 5
496 5
497 5
498 5
499 5
500 5
501 5
502 5
503 5
504 5
505 5
506 5
507 5
508 5
509 5
510 5
511 5
512 5
513 5
514 5
515 5
516 5
517 5
518 5
519 5
520 5
521 5
522 5
523 5
524 5
525 5
526 5
527 5
528 5
529 5
530 5
531 5
532 5
533 5
534 5
535 5
536 5
537 5
538 5
539 5
540 5
541 5
542 5
543 5
544 5
545 5
546 5
547 5
548 5
549 5
550 5
551 5
552 5
553 5
554 5
555 5
556 5
557 5
558 5
559 5
560 5
561 5
562 5
563 5
564 5
565 5
566 5
567 5
568 5
569 5
570 5
571 5
572 5
573 5
574 5
575 5
576 5
577 5
578 5
579 5
580 5
581 5
582 5
583 5
584 5
585 5
586 5
587 5
588 5
589 5
590 5
591 5
592 5
593 5
594 5
595 5
596 5
597 5
598 5
599 5
600 5
601 5
602 5
603 5
604 5
605 5
606 5
607 5
608 5
609 5
610 5
611 5
612 5
613 5
614 5
615 5
616 5
617 5
618 5
619 5
620 5
621 5
622 5
623 5
624 5
625 5
626 5
627 5
628 5
629 5
630 5
631 5
632 5
633 5
634 5
635 5
636 5
637 5
638 5
639 5
640 5
641 5
642 5
643 5
644 5
645 5
646 5
647 5
648 5
649 5
650 5
651 5
652 5
653 5
654 5
655 5
656 5
657 5
658 5
659 5
660 5
661 5
662 5
663 5
664 5
665 5
666 5
667 5
668 5
669 5
670 5
671 5
672 5
673 5
674 5
675 5
676 5
677 5
678 5
679 5
680 5
681 5
682 5
683 5
684 5
685 5
686 5
687 5
688 5
689 5
690 5
691 5
692 5
693 5
694 5
695 5
696 5
697 5
698 5
699 5
700 5
701 5
702 5
703 5
704 5
705 5
706 5
707 5
708 5
709 5
710 5
711 5
712 5
713 5
714 5
715 5
716 5
717 5
718 5
719 5
720 5
721 5
722 5
723 5
724 5
725 5
726 5
727 5
728 5
729 5
730 5
731 5
732 5
733 5
734 5
735 5
736 5
737 5
738 5
739 5
740 5
741 5
742 5
743 5
744 5
745 5
746 5
747 5
748 5
749 5
750 5
751 5
752 5
753 5
754 5
